708035662038040576
89663389
970321888277753856
783877779745976320
717064359726465024
702041702
911833852733206528
955342153718284288
23636136
950445177260466178
260035016
775573019481681920
76581660
509060526
969064556705148928
2799498549
91870769
358300747
969882608980111360
74549018
4839178116
207959660
345722787
521463334
84578330
467871057
757565958177296389
1090209516
969534708676726784
787208015896317952
1326302088
86873813
938441678192631808
145968062
63479931
188412226
919737003901640705
3679584375
593814111
2483003810
143875585
4820997719
941664120729825281
965655144972062722
839266065272090624
881762523107733504
969125780704739333
16470796
42302215
18075045
256105666
59459389
765096068
222197207
955568860844900352
85858615
949031194418712576
955034004247298048
378298948
953499941678342144
787226003361890304
3991874292
64692054
1202875627
4447007473
14333512
117244993
245961473
279406673
92728877
2226134197
242219839
748674980263518208
28566869
611122318
1079912580
329127338
589164548
2218563367
32352751
3506067493
859236104947458048
93770780
930803784049033216
966781227800911872
295810312
431694897
1238535156
868579964123303936
848267440698015744
106853852
564140792
965529099547631616
732418491068887040
14469132
174436683
872223105518796800
947368620002230272
2561521699
711709330278522881
5116171
765586939806294016
3318154747
169179583
744517517171888128
59939926
287057610
3078043726
909119925645606918
48915837
1046484650
134244556
3289386464
570137144
623736611
3755544677
2875913701
1085177869
953839331671764992
3632561654
785110412249432064
352295266
1356967068
967226550927028224
967067673724043264
1430740692
23009894
134662917
714936611608379394
844105304
100032700
956649195758288897
20784537
988732526
964831606115467264
966974493192269824
529384695
966342122017304576
78827020
63194456
228261140
950296751482617857
66963113
19905763
910308110
4890403120
958017258130984960
75517301
822892071300333570
138074790
937750998877077504
962187227546578944
93200544
2821847358
941278040
20418729
544338665
3296279994
944317724
966518701380923393
1365274183
1420393812
750710014021660674
907698293198729216
920020186064809984
90652441
966422167897411584
963492796853379072
789557305398353920
23752286
869684241793032192
891064984037318656
2790241701
366403573
821019733
360999135
228470687
764858285451280384
844863040000471040
518383553
2515432572
714445981
966247979626643456
139155194
763564712244158464
964410009516785665
32690631
7602772
964502609217368065
16368371
958049292127735809
80475480
2221699733
1016416794
965890768396259328
964416002996891649
936895394587410432
833770068723036160
962568105489784832
9509722
1031831881
880044144462151681
835935138076852226
211895079
93898405
2317171754
944236863748837376
960639122951081984
2211951547
519600151
3359395324
4004841861
835115945320452096
212167843
826409866721972224
40467516
923848420086792192
14955770
960542499042447360
965522859094347776
965522620857901063
960078022773739520
37982439
893013169429401601
965480541310083072
236321064
136300124
67542936
2880312434
936496338044203008
2728713546
961647050650783747
2475612158
821704552051314690
1263954308
1610366688
2976681119
907805672028254210
2224293582
210222764
870030799957110789
960882905592541184
3312098162
836850756682723328
15227710
964668376441237505
870735589699715072
2201974694
191396467
107395940
698011218687164416
194005729
717193671167254528
255129645
614158369
733918011959201792
624063350
85552501
190542618
771523418592309252
27254000
517088125
312773343
99244613
958928543685206016
414874822
127038322
922509781046149120
2481973514
165768587
189817654
877580759850254336
950665406490054656
378509684
47302363
2364020176
614221571
586328609
932607089205055488
799941594459803648
569986551
2425646135
77902763
778066652256690176
52245070
1270908667
10408572
21589014
79394130
831047742600384512
845139987708329984
893472269988757507
204834573
73604272
35387888
193748826
956262468250058752
46083526
757714142992146432
1263243859
715842698
963474470781374464
3245186953
39420995
948459102270869504
183605977
816403212
4557393140
908022097275957249
2606496973
2170843831
27899600
961966476893868032
1339880844
3514592778
27313044
786902521012977664
46485108
4776587425
958248469843578880
888347194293592066
4612545028
963160136532377601
2904450203
140971401
939738787
869358076717137920
4838526511
313028191
2433263266
319009929
120356831
97431912
914368301106630657
2297022541
124731247
151150734
112000947
98132656
242299665
783831199
739819416070721543
35235029
962403824752148480
155335456
634341265
161198747
2272291423
554533910
757182307711287296
4594100124
907935252290719744
961862648546471940
517652681
932508543336378368
1079010356
454658177
246840056
593239960
2287568126
133185077
50790333
124800978
4296199996
2961820775
4302619814
2881418205
409931606
1885909520
955371756755345408
4229500115
321693076
166241938
24101805
335844203
17510654
15906114
3021049750
301330341
349118601
107592185
1209498066
2599654111
181559400
2749482217
15352700
18317842
18690323
19321324
263812349
959187935340974080
219126834
34891021
376726117
2904241528
412588897
198985408
14069492
3294940199
365959357
960728364918042624
236345399
771652252918386688
283230678
483320580
960712104276672512
19324727
84120677
733884142186684416
41881017
14573583
5371142
879724831318695937
17079676
936773240185225216
517026074
796610224216035328
114464873
88517534
295306898
51174123
376192051
632499660
470429549
959982809963159553
551279847
262569265
202411175
3253863266
880934371942744064
2931062132
804992053549629440
22482113
958837243648475136
4427855654
1062964908
281194904
559887106
183742225
2270392784
87268105
14926592
77337460
166650767
745099580
959837483390267394
20846403
956998572259659777
3500876179
824439322967478272
1333723472
3368047672
282070367
789181837788622852
5903312
947538636534194177
1478067018
2905274820
21790170
2536268274
938648982749814785
102180684
2597640434
458676399
1462470434
3034714318
36381473
306750348
483732296
732446090805436416
2899490760
45349642
65344268
839264191
959324643189514241
952787830547369984
445759078
959310764447121408
121629673
959175224414498816
497175843
924389681676025856
771087559
958689077888512000
12472022
2766626361
15144509
8371802
268039485
169062147
1377521
519265357
105136056
2444057144
852157402438922240
919672431006175232
43600195
28021188
18040060
1220035584
777488527
14384589
941552134520213505
958424775994630147
718516961324326912
958739839716855808
833043350
939126707814043649
96393690
18815897
853884056538185728
863110705964359680
958667537461411842
1900064443
854488764
44164695
30868098
811620060490039296
439494132
2834987884
386314302
3269600706
3302910360
6188902
33185114
704053609890185217
2992746549
19858406
593602054
3311073950
86706261
493577706
887292771446476800
202929118
73879482
13148272
21339036
831934369279401985
816396001955155968
2172415658
90661591
81410380
4202699573
198813748
44415500
958346892227706881
70953622
85712031
172430401
799625711824867328
9997172
125296451
3769100713
538428982
35806355
424881030
948752728146132992
4066505133
30023654
101243477
491560570
958257374065774592
613268067
26914454
719703517976522752
3016174316
51363392
1393009741
69151934
774224743
939160445096747009
20940870
92595853
1651363735
185341924
2213764326
230970985
1008915187
4048561937
200619202
957991849032953857
857162857821216769
14866301
948982497693577216
182835210
248443250
92971148
2363425330
3228018773
923497143435976710
842934923690500096
894772051801591808
2520209895
2320134587
888879619667099648
1383512029
371003229
955522327
957616841555369987
957446356267827200
895363940162707456
936160850041327617
722316930275807232
700868921298124801
957446870103621632
868495468560384002
14958981
873082497420083205
628550444
519763783
604749806
23923739
957189475435712512
940104032655327232
4828348020
796498121039773696
763993128197955584
109121242
318417597
3290480519
1008558829
828370041330552833
283898494
229520577
457066187
3018033097
2157552066
359806533
6229732
745299291338604544
1217325366
818008853417558017
921417826304393216
806064678644293632
622066117
332748540
4173581
15462584
161763154
128094124
339350448
76262342
1678438178
116268213
15042799
577999523
2998273597
953142813079859200
862329088953929732
15972062
19557517
955131758495838208
185989039
3121355804
3663077840
892410034516250625
829696390552903682
2237379132
801809576
951218178
26592775
956282180170170374
1633450184
96819231
1971844663
230470370
783912333089333248
88173449
277579418
295094935
880128056102330368
21315422
933691566857838592
2219164339
204796018
1179900337
13064172
833310890434973696
86980615
372271519
882326212869316609
7755772
950635882037485568
786832793934454784
338166288
4059000373
200782040
14236054
2444580434
952970245609750529
870948367999827968
1607261965
1267370888
789458489588457472
68700605
758552323954053121
839952577475248129
945163094434643968
942082065251565568
1408872284
174877025
59451101
763461847571914753
1078790748
105153200
955702568268845057
716740125548523522
155222679
4235339475
953134755465146369
111586665
1195113114
824785040315936768
56133858
996444344
14908468
701257890
865222963951353856
18283695
954994955058954240
215582492
32624487
15891962
106034181
450102771
3643652356
4328407452
35160521
955397254042529793
771586768441188352
918747257998118912
17332411
955359749779968000
724223506230198274
943787202827370496
17964248
707949175065939969
3938509642
476540708
252165937
231713966
1419529710
393247689
501120050
954385984229134336
949679792219148289
62215960
851114974839754752
490676647
4636748607
954631983392546816
952617500461604864
41297519
39279949
2731352345
954561453654093824
952220371524210688
954495949765722112
248877826
398897702
898866726
41911400
13505472
2668571
344903357
418156799
39973891
924324496923906048
33332843
3353873433
954340192860729344
953610301605318656
1480573710
225556918
37868373
954285097766866946
785202421819645952
950829105678831621
277822020
832405785640460288
84181862
725010531589844992
14467373
2893136320
1005195330
4692097088
905521578603151360
954018481359507456
4229931280
104271210
1067455842
508965795
201293760
43130132
807829797556469760
940958051066138625
933676450028367872
789064206033182721
2557319535
121133194
185724430
4628746583
945149370562961408
953754183647232005
911059352
796860886409506816
722395388750274561
531136243
14879896
1840240686
796250815639982080
102280576
3784026614
513483252
200861501
275080016
77662313
774311279620042752
823289684151386112
892740798923628544
27974933
2710923492
4244797644
951584282824253441
847016110696284160
3237256543
1548223956
183168354
944942905067786241
902620472923303936
8533632
530895790
863831672701243392
155896285
282696292
529081867
780853501807120384
838063191678668800
52439792
953279027539775488
943146651715121152
951842688986484738
805815985475387392
587270654
506305504
72114670
953192995355963392
703517349387726848
105757093
421035527
818835826624774144
2874442574
2474463579
949254961757655040
829079786
229648807
865009891475283968
151130248
790142401
518083872
3354754623
154636109
836381560676872193
20882172
3073343394
151002792
952531669277294592
2345693756
369470727
141795251
14737843
1199997001
124034514
851337061726605312
258148644
735810574999818240
809141693270425600
864807509843902464
950770327444967424
183894838
27585314
1596421562
153464530
130773332
796905139839778822
9587042
71675767
16210881
600409420
718570960652267521
14490050
42879027
499711130
2170553010
2479901780
231026014
861008147766546434
84347600
2375826510
618541202
308214260
805849025824129024
711133975
17986500
296209585
4885320514
4717350136
872274220503400453
15768031
4844339739
188598234
291667273
286469294
3977420069
951405773988524034
69012152
2311765382
1488534534
1387909446
2441902206
2549839568
951283788666961921
1788573764
96048589
531474284
175879930
169795058
3395256179
80738223
946050390784643072
29752542
2718874869
45642065
951125070201655296
951111509320568832
115750709
36882464
798210400491884544
785708754864054272
185147811
934394454286376960
948551813514571776
181901334
1544460372
2345469938
788687805190926336
57582312
15001411
856585463271960576
2877767757
584407030
326042731
149399601
950630225255084032
2887957302
15465337
833886287237148672
2646425718
17524554
950825877352394752
115957102
632134816
260990244
63473249
13795782
4894800073
46394723
4187445095
450728202
859895196
76305863
276466315
936260059188756483
831014893
158042279
31470197
18176147
14364448
168537759
879041065235492864
38158910
407778773
709578337
40051467
337006600
2421036553
22352962
90423507
57889183
907015272
344178849
825997398010904576
1187050640
3301676748
250233000
1051204224
735256826
815058023467126786
258067024
221331818
238094699
14439885
2188189944
950383354649759744
755464208
36336637
16137851
164326013
3089774073
2696823792
1228939922
950277391149973504
392277655
395839278
946858869745246208
2187355396
199139468
895338743921393665
14871996
880584646576099328
759786621021675520
352259319
319740854
2617508334
238993254
256975845
14845214
737733767796826112
2485503661
849117993531580416
242448311
1595853716
56949281
98662192
34217120
941874645728456704
95968051
4076513776
949659652215705600
96614664
833324745701617665
401638393
894438855335608320
24019995
463033455
71127956
928727916866707456
3025996546
558298948
2086631
365001182
72897113
389722722
924979248904966145
2564736648
919844082
123572909
490282887
53145972
949291507273682946
715598680179544064
949262389261692928
710918314063765505
18829511
244433424
537490830
47193288
801080139488624641
847326874422263808
77098780
703476925646426112
305496240
29793867
257053699
906858949206360064
95410698
634613345
711862026
22893623
311123825
97125211
10375392
548901291
24052905
15026082
17462594
63626449
281640226
92972969
15470411
409332669
773809436754374656
822204142731005961
818160729027121152
856074721
243366521
547748763
4822334908
414420814
78046492
948939784797544454
625946739
472344402
783480061
45523113
864112292337725441
177189402
40978711
42872357
305459541
127244855
459863986
788000292201754624
948909673171881986
20438445
879789862890745858
60644547
948903582111121408
562854969
47816231
2567365411
935130421188276224
948894780272111616
1652807096
1067608147
838402902
34062552
16037864
276460671
188042366
944158363100868608
984988182
721207227764187137
467312014
118233935
2574980366
369166040
14229705
18212302
879214797086236675
3098693540
8185692
828583568880328704
3288768425
883222487546249216
385739254
1933604712
934263967253389312
119539807
736423623016091648
126271228
140009177
937193851382521856
183036240
745095698
948191697493782528
860796525907247104
18488633
1398042895
938348825059528704
914996861898862593
16331747
1318021681
3884587534
15935215
943149792024244230
2203067596
821207515
914252701977972738
948527987758125056
44448005
107529772
922844184486318080
828101
940246683186814976
233113318
807197491473121282
91352228
823791
2551177200
1595283692
441866657
178144445
74132680
18804524
948148175595962368
246419071
119719480
1973006353
62841317
945795099459547137
72306737
1576764926
168501151
21163274
39147992
795316679601520641
7161032
944436609537097730
64064542
885795021525581824
928283972098019329
18904906
15211103
791666253949702144
821336461807124484
2914590260
927905554747490305
548219920
20010763
3880244952
3284717724
907074210580910080
858845316870811649
717591437114605570
2241224809
4532525297
933630884376346629
19635002
18554442
19335735
753982423495507969
10679532
1139350868
45589224
3232598926
888194449939070978
717043271281717248
868433755236708353
931044481352290304
947171575782133760
30135560
852526679062982657
497127600
49621466
66385218
111170148
14277272
25719112
380685640
771743308347572225
945580005874110464
928269421935595520
726082903906476032
2824599053
7202732
83549174
807656519915470848
11189692
444887898
415142649
391386736
187554325
935213185254199296
341245576
180568914
3311950456
918501677984043010
15798711
340737540
1659386449
115459682
858307671153287168
378783605
50838540
605596120
247897240
29793018
2237223485
2363624534
891869362457464833
812743800233885696
17697021
896631247421587456
394561617
187594909
801367725830508549
1434441
946064365559713792
17478063
941132953
137652859
9795682
849183777389592576
276591367
335481757
317877300
159165837
923609844451627008
707269991289073664
38110329
101750270
910127861645873152
582986345
945640594541563904
940323763257823234
1150704242
25024170
200103268
14257076
292330204
77078472
27329764
812299050464804869
942032685505138688
928943405438328833
380616153
593725236
90170923
893737466271719424
334402910
109861571
298513641
840013664329465857
184967869
3943987109
915652894430519296
165972301
700860934076518400
439866959
1526638687
483027230
788915164259069953
222177859
938360113265631232
619698172
92776739
936131934
254691215
2403483617
941369110855864321
926657645292937217
785046827301208064
853560433436876801
282686890
926014209162321920
366221330
703310821468856324
1430949726
909495968692707328
786645212361785344
235057372
84371834
14256545
940671426876583941
325571687
2744613285
257472043
916177697017028613
370480593
935688422651584513
87606726
878089029635276800
3416313252
471478448
406564104
3429598649
142040452
112480879
943911144556597248
65452689
247057684
185190335
745170219484647424
728726046996979712
938002807847903232
923950292600635393
193356356
25813708
927579602532302855
357082053
864722836459585536
340293526
168177481
107110962
317981850
264660937
26592520
2436041089
362620124
4702914128
450400440
151825241
22922132
2591430476
46583695
453082773
122724425
4495531453
14137234
80086367
3162548617
812111602262691840
3060759133
345007880
797440209495400448
231853315
1602183636
24035392
14104291
143713283
46226229
991039662
552855120
102676754
98309884
703052137
935753825528483842
971725232
108277258
502877409
15866247
81970647
4823678116
943188758907834369
2178275229
70340057
732127461903728640
24013090
943113576499224577
943087931895500800
50428661
943041038897180673
4681043000
2939809147
15201661
1592535000
725173092390211589
3308498310
2351629201
1180362740
111950538
2310753475
2782416223
2865745439
105192473
2653305134
94502656
430644703
942741710207160320
126582987
2457705552
190196354
627199375
4754683933
2587088654
288693065
287095435
747217717166387200
1587732582
3809296093
21064447
105240160
720189389603602433
1407774596
709071259104100352
31746190
546418237
146898209
1349177612
72499616
3049447475
924178965647855617
902436521420181505
1420745982
755337658755379200
40925330
928359193
8137702
207799137
2831478112
2564768712
402449579
924528730688708608
53914918
3335080671
205285620
18105928
20744958
3247415544
165747817
412495600
282086884
931064592737996800
940926343302168577
398079567
18807022
19338475
14346754
481639571
314830211
165290801
1423226623
852359584387710976
715447684350349312
1440681416
22120877
202409276
87510583
3121878661
849010491024449536
4472308699
887257408908800001
603535019
861004580
300196448
45595225
424312230
65661137
2855391250
840309269933187072
746890908
2513381831
116304485
857036487119978497
3367132639
58089460
737182665288351744
279319803
27568931
131491428
2215109990
865863918073257985
23366033
18531331
3046366567
17104136
2740450188
420269498
210583707
2504865864
2859151102
179361501
131271470
4181478434
254749458
132276593
835256879429345282
78848741
884248724029022208
875392471408287744
20608631
14353066
1969401764
1053434166
51011115
445269470
872776472204906496
826364689890160640
898008291917176832
900405810915713024
123221029
890015252414255104
903503913596338176
940958058548776961
785916083379187712
22412098
3131559856
436176924
848796042
2829973110
779533017245061120
73014148
240692378
16995649
707982065136873472
352256328
703923734
14499201
941049669123297280
3367573426
15975631
473242687
940983559296299010
940983098573025280
940971834819956736
1857096182
53065160
301669328
246872474
3779565514
3119163645
427804832
81400063
139392603
906046709196869632
750342058288640001
869822182905454592
907347798592507908
4913884428
905437063159222273
230637672
313969217
61363357
3012329667
2685353540
82831811
2271171253
24877474
224641134
731963947
846574002160119808
110352873
374690055
46730669
922250298
2537125959
935670495294435333
4482138083
10042382
3790143318
412496038
714298507184762880
2317548619
237417157
180777126
2556511742
722958864505659392
1543319940
936086848941654016
3368032949
158692138
939904356299702273
219649011
15205437
353054664
371893765
2455310089
571954289
17773921
21142499
454954952
2171058542
57037629
139995415
103497859
253566169
839038793382563840
929020654464225281
41675329
14111338
776467069944541185
297613724
3041556074
25060945
2151274022
48285663
515642563
78163148
1220263578
61120454
2816390206
841514131375054849
15734139
19187928
875065950109937665
419659972
881164083042467840
186544910
920547802521903104
14805376
937435395620564992
1081252572
280452054
1351850114
2873512979
863365540290719749
2799795866
15672958
931300972185423872
794841868899000320
111278444
2896478148
17555270
2359542139
932664155093467136
3713038993
938604674910797826
28128338
892828169681743872
534619276
4874771572
16834839
500297610
889121118661038083
491497135
13241392
705803064045920258
938342840601665536
235060328
3365513853
938289226474549248
210598459
938174907892019200
736601358732664834
780905237917929472
15835897
938084270672891904
3247493097
102317552
937472068597305344
4636429879
300198119
937610000905789441
2698726310
323290978
589942923
2241715070
888297573076828160
835459686
55220117
1260605689
259471543
62714215
168115348
2736598471
937791470349832195
875803218596462592
894873608052506624
2407255518
24715150
399135300
937759310750343169
707028568367181824
897360486513201152
2616052531
46139363
27309273
17712120
922346045589225473
243278127
131716282
444407870
937673184966569984
122005697
212955384
903181598
16073761
2435698330
444738511
937554766908891138
790859969436409857
366650684
731506453
379545623
3352947705
434532074
896450994032316419
185026649
4077435860
4318677795
209683195
22090230
181086186
923584920689131520
248117949
57938097
417227726
4500782172
34566245
711425048502874113
72946735
3101765766
14469175
2851093730
632322392
736692525591728128
1737174740
3199343188
14630064
259561782
47215594
37064747
226993426
2260702363
168039506
3371324592
216566211
248307503
936534108230045697
902016750387990528
806624855345025025
1323172086
21993735
280121697
255727341
17124919
231747719
301703201
114786165
2243095056
185669644
27060126
176965140
328057412
17551096
936287009840054272
54178136
26036942
789157032867794944
17617071
458422501
387912190
163248185
190556695
3089881162
69374413
1733208800
24934765
830758010121232385
18585672
4399903934
934636599895261184
23785177
98964363
271953179
621858685
3284756352
1511304372
15035266
578585897
1362108031
890285240450777089
2857595978
1335943417
83455677
817413714278318080
1266736754
117207748
383290305
2479974385
936034811126222849
736923261062270976
389090450
823873188
183849762
1009150873
1723608079
890469795619110913
935867309935288321
2652909599
862687513386856449
372217905
111697863
2401820017
469736306
11755102
1194428456
762245066526224384
28615221
28858822
226153696
12742832
36664004
53651764
808653172097118208
290719085
174742495
750938301872373761
135548665
2761667887
64326964
104462729
887480831467376640
854642609385385985
14150741
3046760313
932229740827758593
18501055
107818166
1082533027
2566730594
3078356459
18738952
436450645
82754135
2881274253
732221942879551492
126366218
864089298580189184
2926364845
877927787595800576
4114621
44855102
44840894
322348981
4676558714
900951192888463362
785402088335347712
237243234
935330890560937984
1144661738
2602411944
371586386
892515487623630848
64418803
848646403
930496602338484227
14490401
14656716
9211562
406220869
887281598797926400
3179138914
893391846822600705
2262905864
769788649
14278846
1864616275
737879969007849473
94086795
744009572
761893
18853916
3486062476
44983736
244926862
557607668
699440090725142529
791694694312841216
704115137116942336
352352061
729365197111083008
2515811284
33613996
875414904190193668
424408344
2779063524
2248773456
3305448723
147473153
566558632
1050203618
171834174
866970919318593537
839378009526251520
141083054
244013670
620331547
3027534778
16707440
214038074
888516322145050624
126345073
236786345
7815022
933173824345948160
18707714
3254314038
1021955898
18221590
2262791668
933708818730635265
933693627422990336
61183567
905686263717552128
506360689
56671410
59068040
933457671893553152
873818908817580032
861655169368510468
918257115730362370
801130113853165569
3332986077
305822848
578032769
932598565620158464
91034421
21229398
921668059202576384
238727548
16247434
369077520
3151300997
897769716051316736
21649011
854879430019227648
20006478
750294080
23398073
2364655736
228438199
76167768
2940527625
933258051267825664
540296993
305427194
933034110947418115
746224498085507073
23602132
14273656
925973606135410688
917001451
3702856517
1202875621
157027630
283810582
933065901905272832
3307587144
14274370
241018439
933013521574584320
532831353
2193044528
192158545
932932391789842432
932920325712445440
458296335
778497924317806592
29777260
920216607145713664
895556995624837121
846147447868993537
4766645676
773456363531960320
874302061
4473248538
910613239293235200
814282762786115585
932672222011035648
842023712165580801
15271443
130957633
219978082
2536219471
862958305202884608
883774493684060160
927723811788677120
918498977544208384
893950800442961920
345778322
2404874117
2708419634
3197100926
854643354058899456
932214005829111809
217744749
1853338928
845968023068594176
931985133808312320
564609441
69329561
19179794
768817961427537924
604320862
15904062
544205641
931723720250585094
1378526790
626436608
931145657770848256
3307674653
3004424129
278965972
298116943
18405715
829861497186742278
730351716
876261964347056128
2190633950
920748002435846144
15046806
14543570
484838941
837036566862262273
882864478689214464
2385681068
1918736796
614629351
709894931129610240
2760110365
739154671089143808
2543251160
930289204453658625
1106369754
931182870403649536
155532873
199757756
324810694
236819518
2428922090
4082052441
119661442
130349411
832156451443507200
91205698
1250174634
599472848
20853330
906076685115703297
2879646038
87639246
335193636
256957516
212992615
809311542952988672
14233953
66434823
2985140920
259274994
148149404
3011120008
922750226376650752
281510537
3342813249
867436945571540993
4577866092
919853344172191745
914919332307664902
2841601548
48292946
910260659472011264
18556953
930558221818851328
842021309802520576
21499089
61304174
23068837
212907327
95631081
22800717
102570793
2319577104
698273008037703680
592836918
836335469357056000
116265802
1249146410
82038652
47683921
621620896
23038335
729565016635146240
48385759
183305882
867614588967165956
3329722992
3189473006
1637511026
105987598
362678813
2542090195
925863369738874883
723650142
108481423
917430946999226369
929855938256949248
929900286688112640
32509805
116961179
1156435358
165390450
299298137
315641385
914330621836713984
929644611089334274
893648137
441728869
163567662
3246051990
818868941477056514
349075479
1553561834
170368015
628316004
71688919
3250170487
927735314776432640
88942961
882983334808363008
928700659167264769
89142719
143916391
3383385081
906938617993539585
928971251145510912
174815108
374157686
385860438
483017624
3381103767
15193890
65357069
579306760
112137152
554555814
78038903
60477837
63663293
1283501
4207604654
250463081
2170457975
856226624781651968
928647711083171841
110550976
85360421
131839300
119792470
5766592
16242984
928543174548770816
815487527650033665
857496868758138880
899098505406423040
728975865489571840
3031853048
1129583305
927931935984439297
3383511117
321494996
131343207
868878766491275265
14574721
3240881085
48244004
5716182
2372651696
176325295
45171320
370954707
68562805
900800588711161856
916278983582474240
869754807132631040
869741203725705216
909641813924999169
2398036524
928194116403499009
2721953099
722854975
78997456
3174084768
148255044
705069253096054785
925898936031657984
46419732
169621878
57170668
80493
743644987
2674636531
858518186
167748536
50442154
927892890424094721
1456920715
2829504925
2938403581
720426262649446400
927720045609852928
269384037
60633269
361751723
1667702132
492611121
14326514
891190790705250306
535678818
271619716
521100970
9983942
1196180742
2361738798
3064270143
345783160
884145452786036737
101000693
1408689181
2301085297
784495500
926948152862695424
708508501635682305
849248700044005376
270026061
3508282993
535286894
44429769
138112034
707692282737250304
544690065
2831570489
926683585087541248
796054386
43171501
185504356
1094077754
866997633046519808
4170501074
784016393515700224
59923423
814824350755024897
1869403711
832042938
116160404
527268429
918419373043408896
1534868060
598252129
926275728907358209
476343876
906241899798908928
740996814770450433
386899569
855673670676729857
94454213
916253244862500865
2798225635
36045393
754580593103474688
23216293
765179606001254401
22511838
92266555
2900634042
120028287
16654543
535663513
887959153846534144
796968208125333504
57629240
163456649
246264897
618656944
925811055347077120
22581520
20996751
627295147
904867436176007168
842454804
815020306351984640
2898994578
863718157982322688
69539058
798419151224242176
4848981665
22823775
256059028
1672259617
874130748046848002
565310831
399907136
97829043
526764743
468922368
81703890
242090423
141453799
22291039
281979634
716408528261353472
925393579597553665
123156903
923139472694370305
2829540758
536748360
678473
4043266519
924717057064755201
859277785692422144
2473824505
2573535888
68437216
849753840811376641
63738456
391034744
2295101090
52335947
605119002
812069847349817344
803339564635095040
36263933
255775701
740287602671144960
80867819
742651919190102016
488523590
858328693206274048
389394489
244450137
924881750102220800
92175626
924850213386272769
764195581212385280
187171070
773831922
2608586862
323007474
923812955531210752
16634303
126010356
395854333
924644555605073921
735043980065398784
2756200080
901416800860155907
854564681415053313
118968581
742100502930853888
2799468833
924080103964807169
17614783
851451352836263937
914372594572386304
248748102
836891354026422273
17944380
471522482
139126444
255567544
840592423881437184
731415524970663937
1950642002
204341177
18971061
18064844
91026350
832988044655423489
370574232
3399396492
36702275
224588207
907625673497432064
923810833699717120
91969559
2338413984
573490512
259648725
903249904876834816
1228625935
1535674236
3143621493
24089657
1700073266
90390449
457342694
222385026
921086027275620352
923461638023507968
2898883350
2668629050
923251952909258753
1363396321
2458924242
923193131528572928
315439966
2340726446
75534035
620384054
822518591597658114
756549916290408448
914072508692930565
997291334
2229595802
923069122983821312
1548980323
897734786709688322
872890699
2816379768
922986166097530880
1228859394
15897374
139218729
780771531869650944
333273132
85319569
93360468
4588772477
51353393
2800675011
4245013893
86804079
922811883505311744
847983716148412416
921454207886135296
18368629
245109999
921792758486130688
155552642
1230237734
483946943
789976909547397120
35775499
918842765194252290
164402072
55905370
916745740075929600
171247493
1585344698
211178750
108986984
2153607013
4411534872
360821759
922438847396491264
250353579
115752885
222421662
453486766
325880319
19681434
9561502
17663509
354885132
421723153
2857827589
62315133
66143779
875053841296830465
852007574245265408
302559199
15447831
269217416
304015515
898020919775379457
3399479962
887702928445886465
957495950
17673142
273040803
114266846
799518318604513281
332300381
19237129
18088320
756466563683872769
3064823992
879810512044904448
435963503
300739097
820954235357593602
921367522796032000
238889922
456526806
700906333642444800
78263619
218398296
1971655255
3077992637
1528084592
14407612
236432501
22491047
52281257
2303747995
2902907809
2387432257
120535720
184812369
896955136756654080
551195794
1578330620
478836569
2777308989
920926504816664576
715689313602838528
4806823823
204291984
1892144720
3241732616
259137430
108842388
17035525
175907155
16447301
920707838183444480
817268631985737728
95027941
914718273408712704
1262970985
920750015869603840
769281245205463044
2542781603
15370685
4050750921
91022223
138652828
125016192
1285386066
282030695
3198145961
1253055954
920598976474337280
706491226
920568166945656832
263686983
62732454
37534537
1443821551
357394571
863703235462283266
356639125
351991939
917189573121155072
472643674
28802259
321485354
72138664
15618329
439189605
3242621978
857947709436809216
882868855
145966896
2166579073
3395317630
89648091
920328170603274240
918160018616221696
271930826
90461947
111926854
207232096
257020162
134576119
78442736
158384345
434979351
69592812
3346423960
1200332419
188233781
218083345
312917410
59071176
1670097181
2650439716
2213920129
2341959978
808343199559327744
133887136
96315652
920108550923345921
16043576
449168161
2788388291
36372000
24686437
29155225
26388484
42702559
1370539692
3005370371
920030629236002816
919871706063429632
329365271
812470923546791936
23531013
397001493
774271
887813135712882688
880536434
53637211
2208205058
794157602095534080
457862197
214555631
171986201
56779083
944876136
29031344
22945061
20447568
22314772
335039759
242320721
287314579
211162545
2679780021
25560338
52139266
44056713
2862978945
198976904
100258017
387180126
4134073822
1472951101
106489746
89009369
92817688
778947435859148800
708394538323333120
995490348
3386371870
872020212354252800
810884736835088384
41659668
17120526
89573080
84323347
354954442
451543774
919828289446916097
4557256827
93463184
1070191146
3068019366
130779448
2341825685
597696166
464062390
908747630448119808
919840578430554112
139483711
67459278
85543858
111535753
15582183
1881813534
3127196243
814551266827399169
230123968
87016695
121663344
14288966
871935427837665284
2200540993
884638220910075904
1668689468
848634103129886721
365484438
725617675
915858843078291457
909419980818669568
214575604
832022228447277056
285120605
336856945
10353572
193390319
2381494610
2664148082
840809649901264896
33198139
218724725
823678749728264192
18395063
22894122
18615569
4231563929
102804920
50774056
133251258
320526386
352029843
1286424212
909536345621778437
796257719208517633
2190024896
868461628647288832
19107772
2930396669
3461081421
341910721
1916391972
3733991908
2329479032
1863848646
248036871
454686836
103177321
779106440
42999658
87638451
2715608083
587491723
722665886167994369
288689254
4481658987
259777970
11186792
30760930
704710705082142720
720115897
4885827185
1282109575
349136687
3322216692
6213902
195063388
376900593
377825736
905045192922804224
1107001794
812696790344540160
245489682
229633115
73599582
2157152673
18701058
791842229958615040
134959605
114336235
4193801233
755792864
320821710
196802417
516983
144000878
73709808
907576279410585601
243208364
335719798
892368508402581507
893835592143822848
4834209270
113670432
1570542278
915380717470703617
708661767803691008
313630636
917836046955634689
26384658
4903077291
45145782
2242329288
2595020048
2745043974
230457270
3234209395
1468270808
810837316809920513
222739718
135278870
620009565
113931872
605139195
2460419322
3096296258
748899715
2341631617
916336982216794112
747150989073989632
204355564
2507894645
124011028
592700938
3115136598
14697325
907313138156097536
917320678868750336
89691241
3118897831
854088316286664705
904270987536941057
21846699
48932346
36262652
746670886535729152
156981350
97178626
24271420
232280985
745113095098372096
818862558698504192
855578963636342784
148413922
73506820
362879491
148068902
157050443
3687025035
2235925120
716566768366579712
916449120910528513
778455818618318848
159900284
897599483134988288
293962810
718856356833443840
23467651
862641116981501952
297918163
722546324382617600
307991101
3794872180
902352188
228578695
72240216
782713478754791425
893106505955913729
916142151758766080
910374852812509187
15000716
23561776
107978989
397019851
208768428
40526875
514390507
2694246876
1269172160
871026355
55768860
907641342737731585
419743861
786452940
1417857728
232988958
156038886
915906969931862016
225782887
76816072
779338706394185728
915862073845932032
860944285230911488
243193134
896481474354061312
32333850
110798751
726599872523038720
915752338194944000
363157521
302696754
14562242
40980829
182128390
9628862
1292958324
370193985
28405630
3240164020
2842733123
823948832992063492
915580093677830145
906826920800563200
915550867989831680
316497542
149594454
17070452
2215204930
293752597
882545352640929792
910717056
315892388
40293108
2271344926
1707326161
14755366
14964386
915027683901366273
52902498
248093905
61014958
15172570
55314971
2318253466
2765719050
597031193
899346252470657024
915253110603313152
430768293
880687096159240193
897721673390186496
519939212
604775634
879257002865819648
17028682
17266939
15767097
716434411948871680
3311679618
838907382
1220462960
137158387
82278198
93867726
193355484
51737843
54010970
822177777512235015
1357290170
28105034
160355182
1952719404
410735224
220038620
345326306
227147290
153396615
101292164
914793474439958528
2773989132
41620892
2724943955
346001270
23732942
11317482
2601851659
708361997021093888
914488937988673537
1929351402
3305197544
3078676647
430859090
914147537422077953
20952146
3421462214
913941158815870976
2449396392
901053548615446528
785648627452489728
811699460388569093
4616327234
60186002
2738672729
913121421416570880
2264133063
864025693818159104
478246882
890815470370078722
848599331468972036
375350652
892302384633917440
27711179
913675528158289920
870038716097626114
3070137860
755781449035440128
4823523023
345009815
3345478222
4193803519
913412514788134913
3385234121
243398692
715547566713208832
18763520
16479410
913368654888280064
84425360
913344955615244288
411972338
2423404416
198618749
105960103
2350931179
47128380
317980799
335192769
828759234015854592
28811779
27722460
19448985
59735117
37650639
729986494623043584
747408873083052037
2282288430
907229728519503873
70996313
4841797220
2885502638
4485103043
910732483947311109
793757953463578624
161394838
56448315
3884827281
63923888
16510777
50622033
823167481
15161746
17224857
426576599
19022842
1920601614
242486993
171305529
798593066269450240
41553161
1119294697
2940051491
2850945397
4612246120
854139608451264512
1367165148
2150941256
211622401
21807332
4897799633
3300505893
1160462798
142306560
912282452214894597
153040538
1053928200
564051151
2837427099
46240599
393242138
100459156
94994582
381867989
16344235
3423103293
203171434
404016155
862217775976030208
136334006
26975204
1409201
999904333
3282157744
940262574
901312989592035328
56889342
14718990
211824211
54428757
858802793129402368
247704964
316074089
43844096
2407324034
4138195587
2877751960
165057998
889683136048529409
783701161052286976
44617501
60838467
903265545784582146
867925695607046144
15287274
7801762
722168040
910139875864846337
16743320
1200364112
86240381
618660856
104943060
910926177237393408
883352920405815296
863093768081334272
36942437
701562107175661568
891460947877015552
180297398
829036177088974849
907236224720666624
2850857045
142686827
38696363
95203736
867556428575162368
960853130
910699537404063744
4356894914
1939044336
164519703
22275533
3397666334
195792299
910548998502666240
17767479
1859547721
3431596001
17244175
900343878296887296
1630098121
15531222
49452903
3379129383
563114199
18462951
347702315
2459856848
822544904098353155
5476232
727512206007390208
2258323909
1552308656
891347015577292801
14158737
395186801
94565807
910055038206144512
517643383
39978521
909947744554328065
157016071
358545261
45513323
25788116
27251623
29973982
156531665
864958475037790209
2432510294
85792958
342929038
149803456
825044877515845633
218941460
2709289596
730534774612332544
903972259106144258
862802468509556736
3075496027
132493921
419849985
801867497154588672
634823332
4804118995
20791063
611969504
25627852
883965629585211392
799232320154669057
225159574
400568127
762800388164685824
90562000
85215911
833237382220697602
909183249569554432
254546547
901635094774984704
2760268429
844582791920660480
1487041423
2189487996
766410252929687552
859262804552851457
4909845611
424483631
159473556
838710601262252035
1027849428
16004938
833547494688702464
105542133
2359953072
383225936
7481792
275106224
908619957629370368
123144730
31521262
908547138807750656
25630053
33525650
65122166
1296734305
908406834578341888
1357404121
427877692
14565450
824316703249051648
15318026
907006296020226048
862686315938238465
528087563
15288420
5605852
884376627022573570
36266002
22076190
197428893
136597856
49369758
23779474
114000453
2614613732
889103722156089344
838754293142421505
908027793572638720
192098815
36841564
250987163
704061989891416064
4803454834
271969516
20495689
30902717
709007607269347328
28836125
308701746
2813757312
907755198231273472
15690253
272027850
768180582262116353
40660934
14089038
73575111
82480797
907601958063702016
899929010523820032
30916815
3233493341
202070113
97891996
142223281
140834526
469292458
755001
109008906
1486541533
14446241
892729866814201856
615169997
305104092
782129683307593728
196980135
275318541
907179484402524160
2972506167
115858104
1961099330
2306295163
376820250
832637844
907127253644877824
700510998
115078231
804197560948649986
29281611
4235567058
33503789
464977671
2728088657
3972613841
99566146
896268086172499968
906468122453876740
62452358
734831697984925696
27807518
31576080
1064879078
894588687761027072
202571121
354561329
14369373
27639377
43017206
933583940
740233842892648448
899702473849438208
1607833868
906081317326114816
4706746574
101528127
4489545435
245010342
906017074035671042
903792006324822017
51693049
32979844
905802835052388352
29012042
29530415
130241217
328529615
884337106851581952
2512859671
13940932
905132290224914433
17785882
42364370
3028283290
743832673047711745
111308969
3142721573
372764929
57943466
2962503881
14277241
4378311
794290990240714753
740478492656160768
25333995
51546247
905402306266411008
905395563759316993
936923324
168532390
3298401519
200623942
3994278460
19588968
18813940
71546045
798435293963567105
366000630
4501450649
4594494678
905316736232247296
178039464
3060697984
886608853827297280
14437051
299321489
4882448607
1451620626
97970467
130688571
905087325365043203
754934658102599680
15597898
499978579
848179407676203008
898258479067971584
442755392
280770005
836693837103910913
81691849
253498025
4243854269
78286356
3873939316
879827768044736512
849103814971932672
41342643
9395832
2838499095
901446530846126080
3638228297
242428409
79376157
83397390
846811790956744704
4103344035
28410653
503060192
19210837
903980943337238529
903949364376223744
154863443
903710275458748416
3379725058
479009527
22412830
897427198499532800
7858692
98361160
704757268001251328
102321076
903493052622184448
777237647345324033
903427656468668417
2266623140
1444681554
2896910198
1184539364
958457791
21781814
105381943
1161913747
881369278082990080
24452323
1478082061
23647431
190237955
17835160
872721635177934848
4885368909
1428441356
3437727717
61245628
3286025329
884017951854088192
738892970599010304
837852291151581184
1011674568
634414590
116719059
795883185095593984
849230002898055169
3655890314
542070288
370231096
27854255
863027817608609793
1015391797
275200445
902531489660895232
247462032
701381569769041920
902423265314050048
98085515
840126925125312512
16144803
9508802
223011491
1345053120
2255170040
901991565480120324
455453700
455372798
85184918
788307102112579584
367052414
1527140287
117717999
88975022
3031631487
405499692
4188086181
133721920
43109132
879787534766747648
2581291531
627294535
48557933
122535636
2891759709
14704524
52956713
250215523
110233381
785154825713352704
19659269
828364970207371264
1392608748
46641238
198989601
125221184
648193
3066101
15321078
878166841486716928
2838933236
132659352
889538932165275649
3089931817
820424114
2483711046
2297380778
775283540967694336
365865264
3822457994
15093897
72395108
625658102
22051983
879668349965348864
900024042530504704
748784960157343744
704247032978911233
4706981016
17662261
844707519499026432
465305013
46294746
2949706566
899452146692870145
74752578
741671111390330880
588151403
14405916
897004021164240900
117640642
882163114208223233
47885076
331061069
899109375750553601
200356091
239368715
1882129495
911354718
899083295811436544
893815364508803072
872784239430836224
1248542088
1337887652
2426652272
129260158
878341797369479170
882220387806973952
409786811
750975123490996224
19946249
3387744717
885110419735535616
757790343987200000
2560756435
15160731
855532202196586496
20758815
18845675
118057789
49158482
854744173144154112
247859902
4728596952
158776856
705996898214256640
94039074
231866157
757378736
1405433023
784848
117875715
222209563
1269834096
3435129322
362106834
20546803
274519763
897756296203698176
288357092
846675818101313536
14103995
15026912
349378714
3093076085
108226522
3821017126
4844631612
3240080299
2921079845
2961382167
225773006
183805611
895530838942560256
2155365919
746053081578741761
844929138
819235452620193792
2406096042
19101693
3036166819
3058283542
888604710030065664
323682003
793588302
89381650
13940252
868400559031808000
704869694096867329
176267184
17936932
126953249
128083937
3731620283
22826452
522303332
2873085981
16515866
30558459
20966786
88233888
806648503
896208302161272832
864488803662254080
2917771774
340279494
1319430938
822101337043128320
15724679
160188989
721687491674300416
895715719848927232
895393634115256320
1594278877
431135298
230402860
125776291
68576072
718478066465447936
722822115913674752
895442773939073025
138809172
421237778
275358087
9487822
895387059548028933
146666166
198860374
150442203
2451778466
274668303
83688962
891258164942823424
29163531
887042799438376960
3066057148
498182103
219262530
816438084048920579
155434532
437846683
887955789935194113
19133641
35674453
82339817
16835392
83455740
882647647235985408
1397454972
3110494830
82190255
217975068
39620339
4235364171
793893434578698240
894904571876655104
850721299651547136
808371809829658625
894241896901554176
142995739
579117929
229984873
15482417
197897626
10883262
37580005
829736761857171461
6150822
575045758
91947036
2250995551
2844163365
265585328
800673254205628416
807969195803738117
34437441
51988030
893874365049262081
1055864431
138690349
14104253
598707501
2588077844
2312848819
138484746
2205249419
1689258860
99937190
1156964478
7842382
869555634013962240
4727238812
872922856031739904
2711151
40267414
2857960650
887001850842632193
1009310611
58730317
228962705
526809710
892732468935229441
1257227264
105850651
256628123
3073298987
892984466032939008
708004911460585472
244679695
141696879
222161552
18473298
41053200
191747067
878343308828856320
73096066
848768630653296640
856400695624335361
487261427
285517972
892598656603258880
743271269269798912
43527510
40728068
2813328032
202753454
3272917266
89863397
113108339
132662694
245404505
292151224
892308994748035072
247932840
1478104201
54616212
19355192
198930859
517161489
772137971168452608
44563717
87184071
111822580
56075944
18545621
891335631229435904
2222951244
891560417998151680
105130809
18157928
699531563902500864
2169094933
105879399
99506609
891297105339449348
436779803
2493499934
713946803909971968
595262817
140508502
14911573
891039304696377345
2242501970
2633579328
192524283
718651890
11994552
880089694016548864
256479435
109761764
863415701725483008
440604515
3521478015
4807243454
2802646184
74565816
6792742
4671372620
4538131227
17856525
403878264
11696592
822190011219054592
589853745
14605656
4537995553
228385082
14416661
715589453369049088
60014285
55520519
3804331399
890406242471956480
50245230
16419484
31224048
2565055495
249147230
652873
415994372
889921501490806790
881218969788706816
3746119635
1147501634
1306808815
255022265
385800986
1201111867
20561375
3552504798
742117717
956436253
166280254
2491240038
2244157219
779136126443360257
29704010
631223792
376670130
3491808255
1553489425
1485742644
889643446532792325
14053374
881625984801177600
189172698
9671792
297102070
26536163
889441135743176706
2887504802
388168005
839502134
4452088761
889332316559912960
889289640338890752
438899804
312843643
1696159046
2926438061
166902916
3060698213
2541135743
889077519969865728
264603363
831910538699558913
165930737
2578248002
866761019946696704
888509028799717376
115149620
814837424887099392
888424817791303683
8534722
3393413608
1488950802
6872592
32124032
18772818
888225644433125376
506862314
48874837
2914516629
913976720
1888388862
3640680557
226303517
63649015
17179924
1946195588
764326693
847668643
869537847807574016
89717682
478828059
1566071533
83763041
226894461
402680387
879842021451681792
727745508
14944043
3249548042
880885482472845314
34663270
20101574
15645855
1613474852
14616682
90457934
887639178497937408
316679784
421849285
96852350
2386354975
797510044145319936
713987642
92769310
887564547367809024
92940429
884936050908561408
17267194
838358095
35354506
876826317408415744
3419840619
45928262
39567183
239901739
95393848
884369507531227137
2284954620
2810727398
2857193470
102482993
1648512265
44117365
21426868
22895625
864138312956735488
58888007
22104940
79593884
3750822861
862278031263629314
3024973939
400037016
209023870
2886409033
809163324046868481
752198418970255360
296347327
34051388
381746803
1172261468
550652853
87245417
880823131845349377
206091314
78244760
736247551133913088
216566564
3964582121
37875758
1404867644
410215804
36736624
473976427
3523668913
1644361134
18660126
2807685248
56934836
292274044
2647940877
885566537163300865
2511506442
326322837
4119131412
808802192127905792
267126785
22901001
3275261048
374510169
885384472257904640
355920949
852183813585338369
3101956517
144338177
408518995
3244849188
11664862
448292570
824313583123042304
223392534
884605708699926528
885125465404579846
844809396366409730
161949887
3192387898
3382314658
885174181423325184
2437241610
989953885
149075636
503670797
131774628
806880913
376809178
279009807
882606547200864256
409214639
145164691
43980568
57023837
3363291701
281016337
26183794
99522553
1677962598
833820563244142592
452695764
101501735
103719611
14662450
148209964
4432105874
979213020
3221595194
794459908741677056
741949377460244480
884694850645262336
168402270
36026119
9400592
2791831633
1977576602
1626033806
203311961
2412944317
853422886773825538
2851381605
880004410683928577
19775204
849892974284730368
823256294480089091
197415399
22468352
2758473847
2741609433
836491473268793344
4849369758
3239153625
1274628936
4846985621
3266066402
590664479
14138516
3091712175
3091824051
2180260520
39453300
747261001
73131445
2244119485
50275626
61912564
793424445302079488
67785699
858135164504985601
15759758
702117902
87407623
199628790
133770179
17810463
7431672
282658223
228266428
4219271
851020584
2977025103
4721528608
569942361
482433203
882867187819597824
1940613098
116181104
144882336
3789473653
27256538
66093714
882291347474059265
4482129089
329556583
13471372
52047407
238984738
4872035543
609992114
776951825463439360
2927098983
431449051
17731920
853485633930768384
882320306525814785
2489391979
4642112676
49111820
4201546767
877094858489556993
882160196444966914
423398375
25255617
582594040
780451491052032002
117875353
13426032
205330820
575263311
1529865744
325338747
47871379
1500181296
524341484
1953794658
221379767
3985243454
3233895714
148230273
2840502865
159318335
93555687
28523106
3919951049
15081120
702470412324704256
868400646075981824
3370800825
862235364093640704
3160834721
757726214
423678389
58635221
18429803
1336266876
8849962
531331263
590960242
1462305564
835106543506894848
1225941391
89844863
521086093
793514556542910465
83376513
873632906320769026
2221772521
81430860
2353825595
880509610758746112
248253393
1024983211
222441745
1573108141
478683690
778700347
3143337282
879495011116621825
880745545127559169
3909573440
455623431
880041235511209984
149987795
23217939
131735068
880599996860477440
13719332
11562812
854908958451965952
50375679
880518464523431937
812436282
880484001391276032
135592882
854542951086608384
80722916
383961650
178553919
2939131613
132793828
77983604
204773775
316250057
1581818142
290601868
101733043
341155232
410988385
15127286
628865481
257732183
2606563680
880177445609066496
190629457
880146373898887168
4599518541
2436386029
4379563153
877161254091202562
2613633595
828122714
880101950989238272
862011425883029505
262118996
875510006505984001
326490786
571003669
551181778
716022719071068163
20265072
861284342210875392
400049297
872861115465818114
282960826
12904022
3459125533
177207750
823272529716477953
21698926
76078750
382878290
386978669
1005737540
65342429
219502137
46370567
3246547042
16923454
145856864
376707065
385807320
266781568
2791535052
2313838124
43613980
10064962
153742394
271329769
15049407
384230236
901748809
1316078262
930892021
21706821
829533613485993984
744833509009797120
1255756094
230120955
1219787322
3387171879
849732726
20751240
879385334659862530
879374190507327492
759400398570463232
14650877
53537052
878861716733534212
227943046
879255509571862528
85290583
102781865
79835536
78260550
1388856241
2708218170
866131167766040576
3533478373
878981192581877760
777522730648285186
1477438988
2596834406
26103259
2238106297
29681201
383360534
2295500113
3075628489
287314639
19833578
15994068
722561943026831361
2458064544
39215298
30713021
852800358304800769
3011235014
2302766643
397056409
3188144072
100982394
2783133449
3141625954
59732459
789533492396916736
2846405913
2242897958
309962848
4738076953
1649190644
34608981
263864526
775792198214356993
240600375
1330531176
96652718
4616833642
234071200
16650811
12072132
19734366
1392959546
877933622094950400
856892314731544577
529408188
2727757909
806754656
2616233370
14271532
93576857
209900003
877741137481547776
55893973
2567813045
29195365
21824578
169596214
58352346
862262222
132424670
268407315
309834195
770932190138040321
25081779
15825840
17884025
301017693
249452802
3396997198
263836385
876967551544074241
877526010950017024
76567289
840741019092058112
807245742977024000
68249846
26104911
718243731
912948942
190290889
85213340
4340699777
1707113196
772124198
462301528
805441694
19040123
23681644
875217779862814721
2473461265
370480170
138755978
733602516886261760
4441760913
1126391
1624620326
808046421400289280
145549011
297862441
480426949
226700016
876803813855940608
2786763821
1637686885
78833402
842041645256265728
808250222069432320
15565666
317530291
131969527
15272759
831618788
48910299
876515221342486528
2429430397
2543376678
1553450358
17834319
876829133925253120
333115980
256449688
873565931443826688
3292844950
799184314328117248
10968092
720861979
1442448156
4414643235
201359078
805839274092306432
250934204
227731807
876624837350961152
215112241
224633251
189988411
396559332
342978100
2401224756
3792979454
4552780692
296197591
14219508
104480146
875742400156762112
852718055008288768
285960199
16725756
779047718056591360
708937778000744448
875798609236807683
128850443
207840189
3165376305
23718127
25084625
808678348377440256
82179222
733046521
22913575
875635558172708865
46336427
869940556377407488
368374550
164126581
19013377
874262139086618625
2259880056
238036249
2349566652
185123070
526833325
32216121
743026692881539072
246393964
844334918
4033408274
94296760
1269339559
3272430996
280572263
3606121453
860701057810284545
4879779065
2976824840
140091355
875194933669314560
239918011
874640767943294976
408495141
2321456981
832147914260508672
2978295012
751647125918801921
2456996016
818986752
4281263894
174724839
2600992069
498374491
737591394932379650
259355241
16646388
3122923240
321520140
220078462
15074688
18712351
2438729372
84707584
32827223
456071781
859973898825220096
866887537234649088
186313672
819403290790105088
874741205254512640
2968914946
886751528
584046336
614411189
191223582
872471578885459968
9860022
322052418
872152284448346112
213383152
317465950
24167869
34783736
780676669463900160
872453500717936640
2171913619
1305418046
180413034
54733465
38542402
864287649372262400
2439332959
866282792757452800
728213229571280896
14313220
773225625523986435
833732467
4873397037
39699407
874087123950940160
3215251
774064417986191360
6827882
270545883
15814067
64244494
865601955418300416
481104745
18355310
358683153
872712724177756164
16597710
2945669747
554052712
170341023
6534872
2258578994
16343597
489207520
167118056
1692668743
870754511933100032
25248920
1264877228
268883087
15194336
556609281
102438827
39051595
873109719237378048
15353224
806016985356177408
369275753
797990863708323840
867305372276604928
2557993017
913707914
784765062795886592
100602830
1336101500
20260892
276027560
1188698743
101886843
321215691
16896987
801476138887417856
210078112
859403911198679040
703644439286300673
2883086522
714638545051262976
306616195
2931074000
871384672370126849
485424658
716988516798898177
40035860
53896887
108025251
871286605813645315
360930099
30306257
2374416325
3197526903
13065352
2812231094
1704005042
182952731
3342941414
2214147378
834883240133435393
351732299
46650460
816344657403768833
846616858296045568
131090174
8356912
2718954461
390638203
2386213776
80863205
872354661952614400
308398104
1280596622
209798928
834479768078725120
246925577
396316200
2599553521
711264906310500352
30847504
43484605
412385856
45494100
349505180
15268291
14972654
391680962
857212343155118083
526770134
131855531
847616124313255938
263190469
872037497412431872
1652142793
744252042085044229
288968717
349744647
871903277222305792
6175972
851802154566393856
477356532
3110592861
413617820
1373539004
4196662133
41201137
866759375192559616
2520958405
703034707454328833
11821582
871673702680809472
2572088041
871649796376973312
211793182
2334542293
610281280
79896538
870840295532797952
14971653
2758408575
359770924
732832987574849537
2743043747
4483196181
1212776528
203669408
49267900
53853610
3321892658
1006222854
2419566368
2193081619
5397382
869758363365773312
717821870859534336
699922088648318976
4184156114
215623290
271496540
860251310955782145
1145973618
520371900
61352545
554002656
3178413504
963764484
40416544
149786795
104650832
870617476001878016
748419493425197056
3124320519
3236134646
26484631
54323846
42370021
3337551483
6083412
824217263582679041
2297860554
3304623095
1967593898
57192919
2304517112
2279791701
3067686212
2423266783
14950919
270605403
110701192
178232247
62825531
1467807296
14359710
781411777
54976530
625731918
141045464
51716891
404672097
278004179
774458575611580416
2871291883
54590503
870252439940870144
867632114153512960
870231157719183363
15881422
706943356128067584
377397643
870124181718933505
871869253
134855255
81037474
306667554
2851589999
4630480714
273451036
766958837123452928
14268523
405082548
448228043
135886455
167222681
3087015251
26014713
175840941
225048338
2991410167
311089664
16400104
851970252
2145481
102089424
853995510549458944
869791027271528449
1458836287
3531596955
235870191
720631537352331265
810240900257480704
2836139618
21926344
121224208
177514135
825809883161260032
744055958
124662995
282003322
498147761
70437925
1104759876
754988882861629441
869553959131906051
22539613
123972003
855424244485951489
573330885
16298988
6742242
4480843996
853907268793925632
878409134
3705160997
826720464294670336
382032575
736434692140961796
1241688535
13996802
138147789
20851177
869184851676721152
79310712
55808685
291651713
50793724
791158630716469248
721686930
547396448
7005772
829737854347702276
793027369
552590886
2975767844
869079615574163456
258685905
79601255
868825743437873152
303824602
82229619
170960316
822612409
36445504
35307027
373050033
720207778606747648
4890709010
45155690
4834129679
10378002
186136321
270982457
839509622037884932
421912593
379057484
82219246
236176376
3293801
770387540054605824
701404855
54490838
99871529
3506241
2885771060
94281415
150350049
531859239
196800922
155635203
1541939208
704668489559052288
217120061
3439705936
80476522
235322193
37006155
712973714535620608
3150785428
3012472211
229625959
854152701650841602
61457019
4835894093
158997018
67438473
110688427
807035277428391936
751702111335755776
86605045
265675985
177634179
867976689292263427
14676698
229856591
1717144927
728764345577017344
262200052
816759283303989255
805225637149605888
216770046
849176112664018944
9877632
2997285436
702364236
867745626511085569
47433102
781764548
867690521145290756
1436862025
3965012314
820192534328647680
108255230
866158320452849664
2264534043
4029061
1471903957
15516490
225978098
232854904
287114810
493603285
76635136
226959303
328644723
3240132715
109961747
390273589
308190143
59565160
1419503826
3671071351
1638773257
1798779265
862293915193536512
21686739
44450685
39018877
258774692
3069863242
835027569300893696
216698032
316925454
241752592
501652590
864665219309510657
1505021408
327073163
123095488
2873892502
2291300076
221303901
3081602440
1152688855
144231757
10842832
203658938
417919689
733467881728397313
99733261
10029982
3213914355
20118466
18886674
54255953
416181020
423738585
57952811
44940892
396552665
1552309596
19562813
292138180
866749298494590976
862722974696255488
863837474744918016
2254737884
306367100
866658128087142401
7184782
30832490
743456987090984960
101864584
169206212
1950379669
50343427
261952226
707492494225887232
27426461
307941713
819842131007340544
840051887055364097
866520999612862464
844402503093497856
2798636933
763082488952549380
139828121
82752242
852376695147331584
282468902
566336387
795240536
133018214
241815835
532477349
841976228508794886
163245450
164258632
343284634
311769652
56808508
3640529182
121737802
386588895
247949611
865652507971698688
26459943
184608735
47960192
2788328544
16588808
54546821
865580088955478016
865547481504808963
865529406424358912
865519398039150593
260911820
108120201
209785267
2603834887
497073762
785422730094981120
4700226732
1353269292
216636252
259616245
727290291783274496
263210977
26629970
747813754927255552
223480573
3067087790
177615242
14773102
4498449437
82251221
5666452
2231979805
28551915
288307719
398614845
3064117869
708569982809071616
156870140
704990222602399744
436003212
724337405126266880
28053121
4899548846
854746800640503808
24936341
2228043384
852029256829882369
94117275
118078645
42058975
1689627602
274210791
127154954
469216908
319335270
1321223490
147892715
227342842
291688103
890928578
182362617
195655318
122931558
700665694325583872
68274662
526471546
3004121182
273113000
50440404
144015445
745875547272654848
732445074789818368
863116592388857856
44523543
1909199880
2315470663
47387038
964380660
3226813759
85173055
62956711
3825585263
789799419923181568
21087476
2379206616
2515276758
104527364
853254375250284545
111309777
896392284
1541412128
465477965
252218690
183409454
386707608
17385313
864456721955160065
21711543
3047882100
1629851436
180393311
864418051390713856
45820706
773519639993344000
794558046416539648
98993036
864064391599226881
430182663
212880753
572443702
82863946
1376270052
54756659
149073330
456342301
838480468219576320
807600295
79274341
1267133256
1265167783
537733295
272307950
7589322
24658592
543543862
135266647
180081733
4114289668
34199989
863747465165627392
890325091
262368555
23142847
707404100825128960
93667126
320388434
47909399
331777686
861292293168484352
470766789
864053972973346818
222388795
25330434
772559790409150468
32336864
2390449759
16390133
794174084078673923
28335778
102672467
25678952
368172640
863825554046373891
2826873853
19942094
151503687
719928738369159168
126495494
3147630182
775840567712440321
45966198
106042133
800447435642322944
754951300090134528
724574117010243584
137585424
2344544090
4236684280
167747833
603143469
14373870
487830314
715282711825485824
18626896
23306278
260386891
1627000314
29286887
918445952
20205146
4867244278
44420629
217871072
131658961
560970641
330839381
849315826071154689
852836712799547392
767704421933408257
54883763
53601409
3081862005
82459205
58527487
370036125
483004756
59908109
796479576
42737275
440276051
836358976140902400
58021589
14488474
262332246
327330739
3480315256
861014469547180032
23382558
366815728
20421036
102080717
8074842
163036133
383648425
39392969
174185550
14072376
862955960415006720
131192340
18552096
121848106
104425024
3273219614
23013121
1169250367
160707168
152694861
333290556
12604182
2924431886
391089647
1262608362
862668041687109633
852141782871789573
154239620
855305856300204033
789492303819710464
135057904
1228019594
4016816267
719561616
862575177653035011
486899157
1358857284
109707293
859830880566517760
862506598362628096
481697432
772710311187144704
4229067978
14216700
17698980
341188965
26262815
16064370
14174362
848524585150689280
81531800
256749973
14395236
40231785
2545743643
111134000
72934930
3356423229
844448523185770497
85614656
108913782
15933249
2831331998
62403828
849510013127282690
77908733
245578362
22157645
9150472
373685425
824650191139721216
15839041
405706304
201124704
861971001684496385
832622710077407232
748054179768377344
476323549
270552617
831957116915179520
2539203539
733089919
744789374
1864831202
16812241
203466008
48959229
415432694
245748698
155214186
75213241
840864544805150720
327357352
1051389008
37930295
798522442075475973
3717085032
3300719106
2491476103
14252828
3312541032
2274073254
8043302
14147616
880251000
50168247
772734481631510528
1178621952
861567631211585536
15659748
58135805
15079699
807004599768981505
860966456233734145
28327015
4711475870
364950179
37646139
850588971935465472
85533342
39542778
860131974496866306
759367831276417024
223485411
11972482
853978514055249921
541263341
2815124348
17264600
98738482
307702792
17692040
15145148
21595982
183431729
35687145
137964274
860479656008351747
2871077131
21804564
65099003
856871913024614402
1438853719
25300546
860335217336229888
77893910
465164032
56426431
42446574
153047313
283353394
3095006651
72895637
791285487352766464
467280601
497381643
825606932887134212
55237672
67721055
735192548327723008
587414591
855748402373636096
2279100180
835156048583528448
2820892036
846598290254675968
29823774
389979585
609743894
847998536985698308
281560974
788150968458227714
261721003
540006497
107610279
21872102
78829957
9716422
318651258
189029838
791273197580738560
855548280171888640
846542682629558272
311519383
16989927
134079786
859303762497687552
2361478834
755368526836142080
1451637768
2230821679
108949501
718218242972655616
85059849
54700419
856541231337406464
21842940
124627499
259451538
1547574312
41207979
2936646148
233116121
3293197376
858331749259984897
3317050110
261221985
1469794524
24797474
1389396170
797352620708937728
206904143
1285658839
791932136429228034
436852368
857878060229677056
85816574
39681595
124216334
836337875054538753
15745143
124215508
635413463
337912843
348211809
952190382
251648879
152971618
9621292
15058946
1606107326
2573255407
43600351
15169234
3152421415
4297863733
821080593731420160
4513147152
4826529078
14113376
367882975
29150845
20531251
2600825354
36677544
854397888142520320
168043548
374092453
2445571505
36704867
21867962
97608348
1582309944
106623394
93568343
4854440158
50063185
3310983337
527883632
1044058951
129387593
722793030
50561664
373339647
1291820767
9785542
832241108558098432
4741986808
20328032
231830836
461121346
3996344115
266386857
4110805420
14597332
390708973
148761042
509859464
2791329483
3204499406
600028682
93552411
52340784
3080634280
35268925
3744746421
717719537483964416
130374549
202327318
20395458
855729977068736513
57469106
2892363514
380749468
762401449468887040
1135186632
24295074
55917597
131196283
769111306418872321
855418036056096768
2422530067
4324222589
722685858290274309
20038157
801030078830252032
88172962
128450284
18314727
740466292910661632
420463444
248731153
121703631
4714438872
2969865741
855009930054696967
245802454
290181669
255438143
808623667395448832
166773
170943196
854865626703077376
2920042342
807961379915214848
4149534312
3384018964
133295622
327954692
240509709
4268137473
11340502
480185053
2940504853
148699583
397286482
710233867802771460
776382025968283648
106344100
46283268
2193319309
718346291173027841
3068228722
69296033
37920259
48586317
316823636
516651499
2798556622
15414109
3219246491
854260540314714112
1398117206
456319498
18354953
14953475
740336511879512066
711054687957553152
1414320246
848029586629607424
724623182066495488
1919247955
2631783512
102457041
18179241
459485940
15349970
14528514
3064373815
854017268140920834
16145684
2366758915
2323128666
1559767622
91044307
844124323975716864
15327586
1728928986
850601856518770691
2834585998
776038297286172672
1687832660
853937048704532484
29623740
853796301116506113
3054453493
704492031
2788242584
3711965413
2460751183
246285153
448638745
2519468727
193663670
833608902935605248
219733439
694483
14133108
863858893
1099510639
744964729
135058632
844440724741509121
41160033
954203125
1082090353
20569476
376094261
751559203064541185
16748265
853061912472436740
21237156
2447276990
4763919280
368816723
852878140678459392
3316138816
418326898
852842049195753472
1250115438
257999154
733117133073223680
190240903
3321278382
2208260118
548633585
3375720993
786725607954669572
429092173
582337932
41120102
4963861
23719814
961108898
825912335889989632
702926355109957632
476257155
852427979095519232
2258854920
839125774879817728
3311945075
192493349
80684233
852253032142168064
2478961759
30760695
117420879
2349503232
348471531
845323518975737856
1906189358
39507146
89265461
18633321
133209152
810872654202892288
231102851
391825564
473172248
91164282
259244476
847142209308766208
547573943
387571333
66361928
15067641
52231285
702002723223252993
125271687
26518070
2582179440
4350135317
2256483284
100026158
53015823
26765890
183545358
152687220
235246448
431976445
851903243353550849
64939829
262147093
280291421
3246064171
618226927
328943364
1375242079
14097311
195319108
492036464
6703252
765992401
45628844
1058788472
1460712368
2177833879
8810122
357722707
90522655
1353010477
1599091513
22170080
4814691202
1427037122
128513696
765240220463861760
497083887
185856066
2684060730
15764341
27876706
24718762
3473141
734040564
266409924
476464708
20263001
40706825
27423682
405446886
803974022539210753
125161582
851640351722962944
32191770
783935580
4638932249
37937416
1404037508
851542225653727232
22377726
415977403
80343457
847829269829046272
15514547
5937682
1168620163
821187814523998209
851337242169679874
100455389
2791080430
68685437
1900712286
419796809
13479072
3317118647
37946857
14642554
749042714
2747068276
3421551133
299002265
18695600
850431852972265473
69724799
11647942
778446834389757952
850373754131820545
2848012653
146337238
26541769
778614410810195968
183335417
105082208
124462225
795652278401331200
816861659935350784
165517660
634168943
165466771
109352294
126804638
713707985470513152
492265951
43049674
3514353688
2238935227
610873717
848113728692264960
3126473991
12304392
719762858989514752
193666185
626770992
786423954189619200
288156347
126175811
191027533
7741732
231943498
152434899
3940547178
4047130342
288292237
746046042194350080
245080974
14923333
2417663366
3431460519
562353879
780802795
139980571
843267482
203052334
15093411
61064231
19298179
26233804
7444852
2803270957
82292404
800039203195256832
843648960770314241
3131748706
3305002935
58501169
98400886
3393819118
810743052243443712
328476423
2284632794
400918347
202298203
60023103
2842173017
136593848
914895373
784054807032131585
24733925
46390865
71715020
90428513
144304002
190991432
1604062182
201001391
26201012
414742618
119674525
2791089796
848618986585673733
2661861858
18284488
165701408
79655265
264914698
1139789528
4289223954
303110996
3089998296
2541646455
838194878387482629
71976482
73455975
847735732936392705
841063976905670656
217189022
842322201596551168
1366578834
847679019373912070
2472100302
131120713
132529549
251137860
770919837329715200
708916900118441984
834446894
30758626
119363548
759358680043253764
139687107
19827149
253498548
452844326
587920416
136810085
838342917580275712
435179309
18794730
91596073
3170624959
843064263937744896
54862311
12969302
356624340
531591023
386085356
841688682864209920
1032640958
43021482
401853635
94758416
3805213514
27951238
730325917650833412
634204953
14334568
31372668
272523853
725712878343458817
808252783203930112
534616829
605263032
1606007448
261779796
176696128
103734981
2323041974
517082455
3013287435
778999782530514944
773764436
5567412
363637734
2205232067
3004424598
79122280
32190871
21569014
791643413452062721
580999583
152907287
40925020
36757250
105096792
811905238223482880
843743761813274626
381429423
174284780
59419335
4645864692
252432701
16988630
828796798357630977
720478326641582082
3556953375
2595319225
743879136372981760
846245067593441282
3406397433
735500591531724803
63798268
86327952
464990123
145573558
842330752297652227
3073046512
837784897746006017
797647189195522052
39475519
14524913
3633127754
3046135875
15286433
1951568880
68620796
40284085
29168416
2645216460
12001562
42422301
946674980
45185340
715404211
446050403
358919246
832014340245028864
262278663
88130100
137741501
38048892
821219527295909888
67600723
207950812
300961524
106766444
2682220015
713133104
828737110148513792
818076550432227328
4005641554
4275687803
2854806310
287095960
767725711348080641
737066971909390338
2215175906
39759540
2260739730
1659817236
986936389
228131319
784664226702897152
863680393
48053233
29200545
60339361
278696005
91688405
140016388
1066953272
4172401038
1612867843
615182604
227438195
18475994
18509604
150415532
19916245
775562941684789248
17118948
24350951
2726446730
4854215951
1077759428
423136411
30659088
40832277
19481854
844903203615506432
7260872
137257708
824357602675068929
263090823
321424870
2414859433
796390229166948352
45910431
286059795
15722976
318210438
107472580
787655770166865921
199254886
944712066
140978728
779765961733832706
28731847
2268150541
17285652
3308346623
185565154
1387601648
24002502
1965147313
18731596
37924856
2342154031
110402133
181564082
835112156710469633
1197184092
3342084617
756030266280259584
3246227319
49652409
2911244190
206742223
470826415
15657432
247545496
760333875079806976
795435261807259648
7060312
260365570
717397049
39356114
2285716982
9330092
90437240
14362098
145822415
580614750
445873954
17124962
301120600
259538915
47165595
24972798
305703069
15300642
3290608865
86567880
249287552
835145294337753088
840096927534391299
398751980
40013330
1224752760
224403740
59019554
2958103972
107301595
4206562457
593786546
2303054802
346537493
14146027
711197243089534977
1045324272
4819750211
3950335033
2834810935
824226678176120833
2969344953
1111470318
37644255
430753684
32136173
52770608
3014931928
264267667
515323719
246835735
147799597
19425146
758801718238777345
170274803
1515908557
1159418436
2904882957
15237829
1682846838
11012222
33908624
9264082
40241864
3291118388
629500574
1701789787
14903425
843982718744625152
3142021121
408229335
761234126758223872
4210494493
118885688
333617623
2282130944
715578906
1636493730
25943693
751308540
806071528521682944
3240167433
1907371921
843728491895906306
556958291
1615379557
280326048
743247799366492160
4235933589
64314237
818572789770686464
99617384
734823156003770369
26628079
785324788311023616
24239640
780548678842855425
150018757
161223612
3343017891
15378887
174682321
15730282
385034292
318445774
118537725
840242032660508675
1056868033
138520327
305284667
921263329
233548419
702128749777702912
74081941
46871905
192891069
98634464
173029121
91555801
237754971
41268103
167589390
117293829
594775755
58143450
842444504443559937
1077710970
537230958
782117667356499968
815263969958973440
3287065219
717717854800494592
1446262129
67567972
2256546443
1394022559
140829128
15459243
3409673056
147264573
821683806063075329
842171147739258880
23033930
190023937
15785569
219343152
110616095
988157604
44244101
207617689
333539732
706538266573545473
14759612
3280806738
801072307
283644260
721754159158943744
855687379
820355528584990721
51057312
595302378
292240029
823542158489714688
273387609
48584689
169502774
89909387
3160039033
194901169
86870448
841797971075309568
290663599
1275372264
50879709
6164572
45055074
829169061233844224
1431815048
2166397775
2303855781
841616353320656897
154098040
6298462
830055736285749251
1694465886
351586199
300443376
10328532
774337819
52293380
15590486
245391765
234391018
27851657
45123161
6107702
187885086
609308804
467042139
451410694
4289590042
201189063
112019953
3913131
742828668
764584903044435968
792717827019042816
3225984264
2229480511
66974627
576221049
4263865127
2190276200
15028132
141263177
14141061
841129232134619136
147503774
6450462
403082059
23094726
751535343082541056
4842728539
244841163
77476525
29731303
55189669
790123569086885888
840888356900855808
840595535295836161
389926571
77010036
4269242533
831302115020722180
13519702
67274783
61702064
73890045
50087284
290319395
775458470988484609
3342089722
829408898457141248
822359988559560704
3257715409
18388692
763395935795761154
524142424
14360341
18756314
176297998
840058064967417856
4542867021
291897555
1621037334
29781846
14511703
817092592932388864
327532271
3517299916
228704195
14576216
1452519704
30252018
3248884207
555144858
109643220
19698327
78805336
84036926
22929600
2715852614
873926384
22572258
19457670
795531732673908736
839807401167568896
92743559
37911062
82455905
2192461488
1490998848
3280259557
359472050
839640956118851584
1103071783
1090921255
15842770
839578280571334669
15110739
29302067
1106914938
837674318515548160
30177992
346735503
53203088
518754275
14190023
839261642726637569
4788115878
1242283344
822014205012414464
1692007154
4891050274
108244591
131484011
25250865
712744488
2193112011
1267842050
53088105
15721442
248052186
825006958809747456
37886271
50610244
947917758
404338747
759939625234341888
29661535
17439182
1379745295
33887994
243198928
25728194
304853420
5950412
508420657
47598041
13655672
87869461
390482371
1615565527
816082440
98151926
56558696
790517658
734390525781004288
3110392233
838525251055144961
705093901837869056
798106708170145792
735645005079928832
17676947
19420009
2376088452
4923996981
280961215
245625023
896700589
533060573
276280834
762236434686156800
836755945434689536
828606041281683456
2304269739
24661018
714558062304964608
3123925227
2429229385
818536777908568064
2707721558
2976969304
23199065
189923032
167624146
767251
3563911
837672426293035008
1920471672
48428060
15677962
184762389
54941853
3314962906
270652288
717081469596905472
757141069779775488
4061781741
274115096
58276031
3186881010
84611308
14833766
285805090
265096889
38190659
1543670916
241719856
346961593
14433597
164772164
2179422770
484167626
247989927
17055552
1456438614
214232334
40538542
47794706
398732849
17560929
2876272523
38072845
17928011
66833006
1172152927
1188441121
98510701
14523097
243393547
14262029
15957044
371307426
3037726047
62740546
17887728
3282613664
14200979
816717032448294913
